[{"id": 0, "img_name": "0001", "width": 1000, "height": 1000, "position": [-0.6691415905952454, -0.3966258764266966, -1.2825511693954463], "rotation": [[0.5098952054977417, 0.7355315685272216, 0.4460943937301637], [-0.8602365255355835, 0.43597778677940363, 0.2644172608852386], [0.0, -0.5185717344284057, 0.8550341129302979]], "fy": 1388.8887889922103, "fx": 1388.8887889922103}, {"id": 1, "img_name": "0002", "width": 1000, "height": 1000, "position": [-1.4110016822814941, 0.19451276957988742, -0.4703603982925415], "rotation": [[-0.13656288385391235, 0.3106358349323272, 0.9406679272651672], [-0.9906314611434937, -0.042822510004043586, -0.12967519462108612], [-0.0, -0.9495638608932495, 0.3135736286640167]], "fy": 1388.8887889922103, "fx": 1388.8887889922103}, {"id": 2, "img_name": "0003", "width": 1000, "height": 1000, "position": [-1.4613473415374756, -0.22068227827548983, -0.2564437389373779], "rotation": [[0.1493198722600937, 0.16904582083225253, 0.9742316007614136], [-0.9887890219688416, 0.025528095662593845, 0.14712151885032657], [-0.0, -0.9852775335311889, 0.17096249759197232]], "fy": 1388.8887889922103, "fx": 1388.8887889922103}, {"id": 3, "img_name": "0004", "width": 1000, "height": 1000, "position": [-1.0364818572998047, -0.35095655918121343, 1.0259311199188232], "rotation": [[0.3207169473171235, -0.6478242874145508, 0.690987944602966], [-0.9471750855445864, -0.21935567259788522, 0.23397104442119607], [3.8357535613011535e-17, -0.7295250296592712, -0.683954119682312]], "fy": 1388.8887889922103, "fx": 1388.8887889922103}, {"id": 4, "img_name": "0005", "width": 1000, "height": 1000, "position": [0.26115450263023376, -1.3963924646377566, 0.481546014547348], "rotation": [[0.9829574823379517, 0.05901619791984558, -0.1741029918193817], [0.18383353948593137, -0.3155594766139984, 0.9309282302856446], [-3.7252907496184955e-09, -0.9470688104629517, -0.3210306465625763]], "fy": 1388.8887889922103, "fx": 1388.8887889922103}, {"id": 5, "img_name": "0006", "width": 1000, "height": 1000, "position": [-0.3357292413711549, 0.7225410938262941, -1.2709131240844727], "rotation": [[-0.9068825244903566, 0.35702797770500183, 0.2238194942474366], [-0.42138364911079407, -0.7683792114257812, -0.48169407248497015], [-1.4901162973875225e-08, -0.5311537981033325, 0.84727543592453]], "fy": 1388.8887889922103, "fx": 1388.8887889922103}, {"id": 6, "img_name": "0007", "width": 1000, "height": 1000, "position": [-0.9164210557937623, -0.9105200171470644, 0.7623159885406492], "rotation": [[0.7048191428184509, -0.36051809787750233, 0.6109473705291748], [-0.7093870639801025, -0.35819664597511286, 0.6070133447647096], [6.850349739198622e-17, -0.8612327575683592, -0.5082106590270995]], "fy": 1388.8887889922103, "fx": 1388.8887889922103}, {"id": 7, "img_name": "0008", "width": 1000, "height": 1000, "position": [-1.0244444608688354, -1.0954755544662473, 0.021139007061719898], "rotation": [[0.7303895950317383, -0.009625728242099287, 0.6829630136489869], [-0.6830308437347413, -0.010293139144778248, 0.7303170561790467], [-4.6566128546400516e-10, -0.9999006986618041, -0.014092671684920791]], "fy": 1388.8887889922103, "fx": 1388.8887889922103}, {"id": 8, "img_name": "0009", "width": 1000, "height": 1000, "position": [0.033486720174551, -0.5876300930976868, 1.3796991109848022], "rotation": [[0.9983803033828735, 0.05233083665370941, -0.02232448011636734], [0.056893758475780494, -0.918309509754181, 0.39175340533256536], [2.4064397269069706e-18, -0.3923889994621278, -0.9197994470596315]], "fy": 1388.8887889922103, "fx": 1388.8887889922103}, {"id": 9, "img_name": "0010", "width": 1000, "height": 1000, "position": [-0.8033732175827027, -0.17938244342803955, -1.2539590597152708], "rotation": [[0.21792018413543696, 0.8158814907073975, 0.5355821847915649], [-0.9759665727615356, 0.18217536807060242, 0.11958830058574677], [1.1322629454206637e-17, -0.5487709641456603, 0.8359727263450621]], "fy": 1388.8887889922103, "fx": 1388.8887889922103}, {"id": 10, "img_name": "0011", "width": 1000, "height": 1000, "position": [-0.5750412344932557, 0.8020473718643188, 1.1296226978302004], "rotation": [[-0.8127017617225648, -0.4388057887554169, 0.3833608329296112], [-0.5826800465583801, 0.6120309233665465, -0.5346982479095458], [1.4901162956606616e-08, -0.6579267978668212, -0.7530817985534669]], "fy": 1388.8887889922103, "fx": 1388.8887889922103}, {"id": 11, "img_name": "0012", "width": 1000, "height": 1000, "position": [1.000832915306091, 0.005023603793233632, -1.1172771453857422], "rotation": [[-0.0050193597562611094, -0.7448419928550721, -0.667221963405609], [0.9999874830245971, -0.0037386768963187937, -0.0033490692730993024], [2.3283067171255767e-10, -0.6672303080558775, 0.7448514699935913]], "fy": 1388.8887889922103, "fx": 1388.8887889922103}, {"id": 12, "img_name": "0013", "width": 1000, "height": 1000, "position": [-1.249372124671936, 0.8273965120315554, -0.06696499884128572], "rotation": [[-0.5521481633186341, 0.037221197038888924, 0.8329147100448607], [-0.8337460160255434, -0.02464973367750645, -0.5515976548194886], [-2.889753421987967e-18, -0.9990029335021974, 0.04464333131909371]], "fy": 1388.8887889922103, "fx": 1388.8887889922103}, {"id": 13, "img_name": "0014", "width": 1000, "height": 1000, "position": [1.0529212951660158, -0.9279971122741699, 0.5293186902999878], "rotation": [[0.6612004637718201, 0.26473322510719305, -0.7019475102424622], [0.7502093315124512, -0.23332385718822476, 0.6186646819114685], [-1.490116120573456e-08, -0.9356689453125, -0.3528791069984436]], "fy": 1388.8887889922103, "fx": 1388.8887889922103}, {"id": 14, "img_name": "0015", "width": 1000, "height": 1000, "position": [0.21454331278800964, -1.433672308921814, 0.3854282498359681], "rotation": [[0.988987684249878, 0.03802841529250146, -0.1430288702249527], [0.14799804985523227, -0.2541224956512452, 0.9557814598083497], [-5.779172054291262e-18, -0.9664241075515747, -0.2569521367549897]], "fy": 1388.8887889922103, "fx": 1388.8887889922103}, {"id": 15, "img_name": "0016", "width": 1000, "height": 1000, "position": [0.42402482032775873, -0.36596468091011036, -1.3915002346038818], "rotation": [[0.6533758640289306, -0.7022750377655032, -0.2826832234859466], [0.7570336461067199, 0.6061151027679442, 0.24397645890712732], [-1.9492047211890416e-17, -0.37340915203094477, 0.9276668429374695]], "fy": 1388.8887889922103, "fx": 1388.8887889922103}, {"id": 16, "img_name": "0017", "width": 1000, "height": 1000, "position": [0.4784155189990996, 1.417401313781738, -0.10996460914611816], "rotation": [[-0.9474836587905882, -0.023444762453436855, -0.3189436793327331], [0.3198041915893554, -0.06945978105068208, -0.9449342489242554], [1.8626449282789243e-09, -0.9973092675209045, 0.07330974191427231]], "fy": 1388.8887889922103, "fx": 1388.8887889922103}, {"id": 17, "img_name": "0018", "width": 1000, "height": 1000, "position": [0.4773415625095368, 1.3578948974609377, -0.4222163558006287], "rotation": [[-0.9434072375297546, -0.09334821999073029, -0.3182277083396912], [0.33163645863533026, -0.26554796099662775, -0.9052633047103883], [-5.8007359808681236e-18, -0.9595678448677062, 0.28147757053375244]], "fy": 1388.8887889922103, "fx": 1388.8887889922103}, {"id": 18, "img_name": "0019", "width": 1000, "height": 1000, "position": [-0.5401925444602967, -1.3992676734924316, 0.015553401783108713], "rotation": [[0.932895302772522, -0.0037343483418226238, 0.36012837290763855], [-0.36014771461486816, -0.009673129767179487, 0.932845115661621], [-5.3046573497434103e-20, -0.9999462366104126, -0.010368934832513332]], "fy": 1388.8887889922103, "fx": 1388.8887889922103}, {"id": 19, "img_name": "0020", "width": 1000, "height": 1000, "position": [0.4916320443153382, -0.6412413120269774, 1.2637672424316408], "rotation": [[0.7935981750488281, 0.5126195549964905, -0.32775470614433294], [0.6084423065185545, -0.6686155200004579, 0.42749422788619984], [1.4901161115365448e-08, -0.5386784076690674, -0.8425115346908569]], "fy": 1388.8887889922103, "fx": 1388.8887889922103}, {"id": 20, "img_name": "0021", "width": 1000, "height": 1000, "position": [-0.1690626740455627, -0.016606530174612995, 1.4903496503829956], "rotation": [[0.09775660187005997, -0.9888076186180114, 0.11270844936370851], [-0.9952103495597839, -0.09712767601013184, 0.011071020737290382], [9.313225739492482e-10, -0.11325057595968246, -0.9935664534568787]], "fy": 1388.8887889922103, "fx": 1388.8887889922103}, {"id": 21, "img_name": "0022", "width": 1000, "height": 1000, "position": [-0.1131468862295151, 1.215784788131714, 0.871243357658386], "rotation": [[-0.9956974387168885, -0.053822211921215064, 0.075431264936924], [-0.09266448020935059, 0.5783298611640929, -0.8105232715606691], [3.7252903042041316e-09, -0.8140256404876708, -0.5808289647102355]], "fy": 1388.8887889922103, "fx": 1388.8887889922103}, {"id": 22, "img_name": "0023", "width": 1000, "height": 1000, "position": [0.10693624615669252, -0.3405240774154663, -1.4569172859191895], "rotation": [[0.9540623426437378, -0.29100301861763006, -0.07129083573818207], [0.2996083498001098, 0.9266598224639894, 0.2270160615444183], [-7.450581480836353e-09, -0.23794683814048767, 0.971278190612793]], "fy": 1388.8887889922103, "fx": 1388.8887889922103}, {"id": 23, "img_name": "0024", "width": 1000, "height": 1000, "position": [1.0367845296859741, 0.7386518716812133, 0.7933922410011293], "rotation": [[-0.5802450776100158, 0.43078130483627325, -0.691189706325531], [0.8144420385360717, 0.30690792202949524, -0.4924345910549164], [-2.980232595100585e-08, -0.8486665487289429, -0.5289281606674194]], "fy": 1388.8887889922103, "fx": 1388.8887889922103}, {"id": 24, "img_name": "0025", "width": 1000, "height": 1000, "position": [0.3667481541633606, 1.15373694896698, -0.8856562376022339], "rotation": [[-0.9530092477798463, -0.17886780202388766, -0.24449877440929416], [0.3029411435127259, -0.5626924037933351, -0.7691580057144165], [8.946473458592471e-18, -0.8070834279060364, 0.5904375314712524]], "fy": 1388.8887889922103, "fx": 1388.8887889922103}, {"id": 25, "img_name": "0026", "width": 1000, "height": 1000, "position": [0.8494028449058535, 0.07953373342752458, 1.233770251274109], "rotation": [[-0.0932270959019661, 0.8189313411712646, -0.5662686228752136], [0.9956448674201965, 0.07668054103851317, -0.05302249640226365], [-5.682478270092004e-18, -0.568745493888855, -0.8225135803222656]], "fy": 1388.8887889922103, "fx": 1388.8887889922103}, {"id": 26, "img_name": "0027", "width": 1000, "height": 1000, "position": [-0.9400854110717772, -0.14634238183498388, 1.1596652269363406], "rotation": [[0.1538166701793671, -0.7639096379280091, 0.6267236471176146], [-0.9880993962287905, -0.11891721934080127, 0.09756159037351611], [-7.450579726360284e-09, -0.6342719197273254, -0.7731101512908937]], "fy": 1388.8887889922103, "fx": 1388.8887889922103}, {"id": 27, "img_name": "0028", "width": 1000, "height": 1000, "position": [-0.018340669572353363, -0.10136279463768005, 1.496458888053894], "rotation": [[0.9840215444564819, -0.17762935161590573, 0.01222711335867643], [-0.17804966866970062, -0.9816985130310057, 0.06757520139217375], [1.5139356545774728e-18, -0.06867174804210661, -0.9976392984390257]], "fy": 1388.8887889922103, "fx": 1388.8887889922103}, {"id": 28, "img_name": "0029", "width": 1000, "height": 1000, "position": [0.200997456908226, -0.4106349349021912, -1.4286284446716309], "rotation": [[0.8981748819351196, -0.41871988773345953, -0.13399828970432284], [0.4396383464336396, 0.8554387688636781, 0.2737565934658051], [-3.483331215297607e-17, -0.3047920167446137, 0.9524189233779907]], "fy": 1388.8887889922103, "fx": 1388.8887889922103}, {"id": 29, "img_name": "0030", "width": 1000, "height": 1000, "position": [1.0530304908752441, 1.033388376235962, -0.27062046527862543], "rotation": [[-0.7004188895225525, -0.12876698374748227, -0.7020202875137329], [0.7137320637702942, -0.12636509537696836, -0.688925564289093], [7.450581486021328e-09, -0.9835907816886902, 0.18041363358497617]], "fy": 1388.8887889922103, "fx": 1388.8887889922103}, {"id": 30, "img_name": "0031", "width": 1000, "height": 1000, "position": [-0.1404531002044678, -0.6383830904960633, -1.3500888347625728], "rotation": [[0.9766417145729065, 0.1933999359607697, 0.09363540261983873], [-0.21487466990947726, 0.8790354132652285, 0.4255887269973756], [-7.450580580079536e-09, -0.4357675611972809, 0.9000592231750487]], "fy": 1388.8887889922103, "fx": 1388.8887889922103}, {"id": 31, "img_name": "0032", "width": 1000, "height": 1000, "position": [-0.3334365487098693, -1.2786545753479002, 0.709832787513733], "rotation": [[0.9676405191421508, -0.11940946429967876, 0.22229103744029993], [-0.25233298540115356, -0.45790860056877136, 0.8524364233016967], [7.412519875569742e-18, -0.8809432983398439, -0.4732218682765961]], "fy": 1388.8887889922103, "fx": 1388.8887889922103}, {"id": 32, "img_name": "0033", "width": 1000, "height": 1000, "position": [-0.14546389877796176, 0.33882749080657953, 1.453972578048706], "rotation": [[-0.9188972711563113, -0.38239178061485296, 0.0969759300351143], [-0.3944969475269318, 0.8907009363174436, -0.2258849740028381], [-1.2870779011919222e-17, -0.24582165479660034, -0.9693149924278259]], "fy": 1388.8887889922103, "fx": 1388.8887889922103}, {"id": 33, "img_name": "0034", "width": 1000, "height": 1000, "position": [-0.6181302070617676, -0.19034515321254727, 1.3533971309661865], "rotation": [[0.294299453496933, -0.8623064160346985, 0.41208681464195246], [-0.9557132720947266, -0.26553604006767273, 0.12689676880836487], [2.3933811024941416e-17, -0.431182324886322, -0.9022647738456726]], "fy": 1388.8887889922103, "fx": 1388.8887889922103}, {"id": 34, "img_name": "0035", "width": 1000, "height": 1000, "position": [-1.3299256563186643, -0.5195183753967285, -0.45978078246116644], "rotation": [[0.36386039853096, 0.28550958633422857, 0.8866171240806581], [-0.9314535856246948, 0.11153066158294676, 0.34634560346603394], [-0.0, -0.9518640041351318, 0.3065205216407776]], "fy": 1388.8887889922103, "fx": 1388.8887889922103}, {"id": 35, "img_name": "0036", "width": 1000, "height": 1000, "position": [0.8213498592376708, 1.099398612976074, -0.6055632233619692], "rotation": [[-0.8011175394058229, -0.24162255227565774, -0.5475666522979737], [0.598507046699524, -0.3234182000160218, -0.732932507991791], [1.4901161146852951e-08, -0.9148874878883362, 0.4037088751792909]], "fy": 1388.8887889922103, "fx": 1388.8887889922103}, {"id": 36, "img_name": "0037", "width": 1000, "height": 1000, "position": [0.7476335763931278, 0.6898939609527588, 1.102311372756958], "rotation": [[-0.678158402442932, 0.5400706529617312, -0.498422384262085], [0.7349157929420471, 0.49836114048957825, -0.45992931723594666], [2.980232241244711e-08, -0.6782034039497375, -0.7348742485046386]], "fy": 1388.8887889922103, "fx": 1388.8887889922103}, {"id": 37, "img_name": "0038", "width": 1000, "height": 1000, "position": [0.05091504752635955, -1.4521212577819824, 0.37249362468719477], "rotation": [[0.9993859529495237, 0.008701697923243044, -0.033943366259336465], [0.035041000694036484, -0.24817655980587006, 0.9680808782577514], [1.3243701036323868e-18, -0.9686757326126098, -0.24832908809185023]], "fy": 1388.8887889922103, "fx": 1388.8887889922103}, {"id": 38, "img_name": "0039", "width": 1000, "height": 1000, "position": [-0.13734315335750577, 0.14987331628799438, -1.4861611127853394], "rotation": [[-0.7372539043426513, 0.669382631778717, 0.09156210720539093], [-0.6756157875061034, -0.7304521203041077, -0.09991554915905], [7.450579708519587e-09, -0.13552363216876984, 0.9907740950584412]], "fy": 1388.8887889922103, "fx": 1388.8887889922103}, {"id": 39, "img_name": "0040", "width": 1000, "height": 1000, "position": [1.3404011726379392, 0.5549885034561158, 0.38119882345199585], "rotation": [[-0.3825518190860749, 0.23480173945426944, -0.8936007022857665], [0.9239341616630555, 0.0972188487648964, -0.3699923157691956], [-7.450581479460967e-09, -0.9671694636344911, -0.2541325390338897]], "fy": 1388.8887889922103, "fx": 1388.8887889922103}, {"id": 40, "img_name": "0041", "width": 1000, "height": 1000, "position": [0.44725465774536133, -0.1605068147182465, -1.4227441549301147], "rotation": [[0.33777871727943426, -0.8927488327026368, -0.29816979169845587], [0.941225528717041, 0.32038182020187383, 0.10700454562902452], [-7.450579673654803e-09, -0.31678873300552374, 0.9484961032867432]], "fy": 1388.8887889922103, "fx": 1388.8887889922103}, {"id": 41, "img_name": "0042", "width": 1000, "height": 1000, "position": [1.0744513273239134, 0.46740746498107916, -0.936527967453003], "rotation": [[-0.39890897274017334, -0.5725248456001282, -0.716300904750824], [0.916990637779236, -0.2490595579147339, -0.3116049766540527], [1.988134327402598e-17, -0.781143069267273, 0.6243519783020021]], "fy": 1388.8887889922103, "fx": 1388.8887889922103}, {"id": 42, "img_name": "0043", "width": 1000, "height": 1000, "position": [-0.2261529266834259, -0.5172720551490785, 1.3897066116333008], "rotation": [[0.9162573218345642, -0.371135413646698, 0.15076862275600433], [-0.40059047937393183, -0.8488857150077819, 0.3448480367660523], [1.4901162964801223e-08, -0.3763660788536071, -0.9264711141586303]], "fy": 1388.8887889922103, "fx": 1388.8887889922103}, {"id": 43, "img_name": "0044", "width": 1000, "height": 1000, "position": [0.48259955644607544, 0.058480225503444686, -1.419041156768799], "rotation": [[-0.12029752135276794, -0.9391571879386901, -0.3217330574989319], [0.9927378892898558, -0.11380475014448165, -0.03898681700229645], [-6.516712874752619e-18, -0.3240866661071778, 0.9460274577140809]], "fy": 1388.8887889922103, "fx": 1388.8887889922103}, {"id": 44, "img_name": "0045", "width": 1000, "height": 1000, "position": [0.12977679073810583, -0.07534368336200715, 1.4924749135971074], "rotation": [[0.5020827651023866, 0.860481023788452, -0.08651786297559738], [0.8648195862770081, -0.49956396222114563, 0.05022912472486497], [3.7252898531119056e-09, -0.10004182159900665, -0.9949833154678346]], "fy": 1388.8887889922103, "fx": 1388.8887889922103}, {"id": 45, "img_name": "0046", "width": 1000, "height": 1000, "position": [0.20903438329696652, 0.9051769971847534, 1.1776924133300781], "rotation": [[-0.9743564128875734, 0.17666180431842804, -0.1393562406301498], [0.2250101268291473, 0.764994740486145, -0.6034513115882874], [-7.450580572119815e-09, -0.6193332672119142, -0.7851282358169556]], "fy": 1388.8887889922103, "fx": 1388.8887889922103}, {"id": 46, "img_name": "0047", "width": 1000, "height": 1000, "position": [0.008097238838672634, 0.3787436485290527, -1.4513744115829468], "rotation": [[-0.9997715950012207, -0.020681431517004963, -0.005398159381002187], [0.02137432433664798, -0.9673619270324707, -0.25249576568603516], [4.6566128605304213e-10, -0.2525533735752105, 0.967582941055298]], "fy": 1388.8887889922103, "fx": 1388.8887889922103}, {"id": 47, "img_name": "0048", "width": 1000, "height": 1000, "position": [-1.3704640865325928, 0.29660394787788397, -0.5327796339988708], "rotation": [[-0.21152858436107635, 0.3471492230892181, 0.9136427640914916], [-0.9773718118667603, -0.07513207942247392, -0.19773596525192264], [-7.450580604078216e-09, -0.9347954988479613, 0.3551864326000214]], "fy": 1388.8887889922103, "fx": 1388.8887889922103}, {"id": 48, "img_name": "0049", "width": 1000, "height": 1000, "position": [0.003691008780151606, -0.1209850162267685, -1.4951083660125732], "rotation": [[0.9995349645614624, -0.03039435110986233, -0.002460672520101071], [0.030493794009089473, 0.9962753653526305, 0.08065667748451233], [-2.1338392356858543e-19, -0.08069438487291336, 0.9967389106750488]], "fy": 1388.8887889922103, "fx": 1388.8887889922103}, {"id": 49, "img_name": "0050", "width": 1000, "height": 1000, "position": [-1.0479980707168581, -0.23730117082595828, 1.0466079711914062], "rotation": [[0.2208421230316162, -0.680511176586151, 0.6986653804779054], [-0.9753095507621766, -0.15409007668495175, 0.15820078551769254], [-0.0, -0.7163524031639099, -0.6977386474609375]], "fy": 1388.8887889922103, "fx": 1388.8887889922103}, {"id": 50, "img_name": "0051", "width": 1000, "height": 1000, "position": [1.1988232135772705, 0.7569470405578614, 0.48974910378456105], "rotation": [[-0.5338899493217468, 0.27607285976409907, -0.7992154955863952], [0.8455540537834166, 0.17431473731994626, -0.5046314001083375], [2.2182687533943108e-17, -0.9451974630355834, -0.32649940252304077]], "fy": 1388.8887889922103, "fx": 1388.8887889922103}, {"id": 51, "img_name": "0052", "width": 1000, "height": 1000, "position": [-0.6522110700607301, -1.2869733572006228, 0.41026863455772394], "rotation": [[0.8919953703880313, -0.12363979965448381, 0.4348073601722718], [-0.45204454660415655, -0.24397182464599612, 0.8579821586608886], [7.450581489890815e-09, -0.9618684053421019, -0.2735123932361603]], "fy": 1388.8887889922103, "fx": 1388.8887889922103}, {"id": 52, "img_name": "0053", "width": 1000, "height": 1000, "position": [0.22183313965797416, -1.4643733501434326, 0.23748865723609922], "rotation": [[0.9887196421623228, 0.023713704198598855, -0.1478887647390365], [0.14977791905403132, -0.15653979778289792, 0.9762489199638364], [4.840789281571914e-18, -0.9873870015144347, -0.15832577645778653]], "fy": 1388.8887889922103, "fx": 1388.8887889922103}, {"id": 53, "img_name": "0054", "width": 1000, "height": 1000, "position": [0.3233464360237122, -1.3705124855041506, -0.5168585777282715], "rotation": [[0.9732788801193236, -0.07912300527095795, -0.21556428074836734], [0.22962670028209686, 0.33536496758461004, 0.9136749505996706], [-9.400921416838821e-18, -0.9387597441673279, 0.344572365283966]], "fy": 1388.8887889922103, "fx": 1388.8887889922103}, {"id": 54, "img_name": "0055", "width": 1000, "height": 1000, "position": [0.926783084869385, -1.1636611223220827, -0.19226548075675964], "rotation": [[0.7822264432907104, -0.07985351979732513, -0.6178553700447083], [0.6229942440986632, 0.10026341676712036, 0.7757740616798401], [3.7252902987119054e-09, -0.9917513132095338, 0.1281769722700119]], "fy": 1388.8887889922103, "fx": 1388.8887889922103}, {"id": 55, "img_name": "0056", "width": 1000, "height": 1000, "position": [1.1379172801971438, 0.10890808701515196, 0.9712276458740233], "rotation": [[-0.09527289867401123, 0.6445398330688475, -0.7586116194725036], [0.9954512119293214, 0.06168778613209724, -0.0726054012775421], [-3.7252898543376797e-09, -0.7620781064033508, -0.6474851965904236]], "fy": 1388.8887889922103, "fx": 1388.8887889922103}, {"id": 56, "img_name": "0057", "width": 1000, "height": 1000, "position": [0.024722516536712646, 1.1901421546936035, -0.9126611351966858], "rotation": [[-0.9997843503952027, -0.012636259198188782, -0.016481678932905197], [0.020768264308571822, -0.6083095669746398, -0.7934281229972839], [-9.066266826303722e-19, -0.7935993075370789, 0.6084407567977905]], "fy": 1388.8887889922103, "fx": 1388.8887889922103}, {"id": 57, "img_name": "0058", "width": 1000, "height": 1000, "position": [0.4988702237606049, 1.4135367870330808, -0.05515449494123459], "rotation": [[-0.942995607852936, -0.012237137183547022, -0.332580178976059], [0.3328052163124085, -0.03467363491654397, -0.9423579573631286], [-1.0916682390661862e-18, -0.9993237257003784, 0.036769669502973557]], "fy": 1388.8887889922103, "fx": 1388.8887889922103}, {"id": 58, "img_name": "0059", "width": 1000, "height": 1000, "position": [-0.008243691176176073, 0.013174644671380522, -1.4999194145202637], "rotation": [[-0.8477223515510559, 0.5304117202758789, 0.005495794583112003], [-0.5304401516914369, -0.8476769328117371, -0.00878309737890959], [9.313224621318992e-10, -0.010355202481150627, 0.9999464154243469]], "fy": 1388.8887889922103, "fx": 1388.8887889922103}, {"id": 59, "img_name": "0060", "width": 1000, "height": 1000, "position": [-0.43652746081352245, 0.9669976830482485, 1.0603580474853513], "rotation": [[-0.9114347100257875, -0.2908526062965393, 0.29101830720901495], [-0.4114449322223664, 0.6442980170249938, -0.6446651220321655], [1.490116296407583e-08, -0.7073081135749817, -0.7069053649902344]], "fy": 1388.8887889922103, "fx": 1388.8887889922103}, {"id": 60, "img_name": "0061", "width": 1000, "height": 1000, "position": [-1.2480759620666504, -0.7793192863464355, 0.29149201512336725], "rotation": [[0.5296430587768555, -0.16483305394649508, 0.8320507407188413], [-0.8482207059860228, -0.10292448103427887, 0.5195462703704834], [-7.450580584667748e-09, -0.980936586856842, -0.19432803988456726]], "fy": 1388.8887889922103, "fx": 1388.8887889922103}, {"id": 61, "img_name": "0062", "width": 1000, "height": 1000, "position": [-1.2647093534469602, 0.3354476690292358, 0.7334746718406678], "rotation": [[-0.25637224316596985, -0.4726403951644898, 0.8431395888328552], [-0.9665781259536742, 0.12536171078681946, -0.22363178431987762], [-7.450580610128296e-09, -0.8722931742668154, -0.4889831244945526]], "fy": 1388.8887889922103, "fx": 1388.8887889922103}, {"id": 62, "img_name": "0063", "width": 1000, "height": 1000, "position": [0.33278799057006825, 0.7758956551551816, 1.2398540973663328], "rotation": [[-0.9190329313278196, 0.32581770420074463, -0.22185866534709925], [0.39418074488639815, 0.7596443891525269, -0.5172637701034546], [8.26105018511471e-17, -0.562834858894348, -0.8265694379806517]], "fy": 1388.8887889922103, "fx": 1388.8887889922103}, {"id": 63, "img_name": "0064", "width": 1000, "height": 1000, "position": [-1.0980994701385498, 0.1477445363998413, 1.0111128091812134], "rotation": [[-0.1333441585302353, -0.6680555343627929, 0.7320663332939149], [-0.9910697937011719, 0.089883990585804, -0.09849636256694794], [-7.450580603397038e-09, -0.7386626601219176, -0.6740752458572388]], "fy": 1388.8887889922103, "fx": 1388.8887889922103}, {"id": 64, "img_name": "0065", "width": 1000, "height": 1000, "position": [-0.6707141399383545, 1.240621566772461, -0.5108820796012877], "rotation": [[-0.8796744942665101, 0.16197559237480164, 0.44714277982711786], [-0.47557625174522394, -0.2996066212654113, -0.8270810842514039], [-1.4901161241669214e-08, -0.940212607383728, 0.34058806300163263]], "fy": 1388.8887889922103, "fx": 1388.8887889922103}, {"id": 65, "img_name": "0066", "width": 1000, "height": 1000, "position": [-0.7956620454788209, 1.1828275918960574, 0.46673417091369634], "rotation": [[-0.82974112033844, -0.17367134988307953, 0.530441403388977], [-0.5581485629081727, 0.2581790089607239, -0.7885517477989199], [1.4901161195842488e-08, -0.9503588080406189, -0.3111561238765717]], "fy": 1388.8887889922103, "fx": 1388.8887889922103}, {"id": 66, "img_name": "0067", "width": 1000, "height": 1000, "position": [0.12720230221748352, -0.4612084329128266, -1.421656131744385], "rotation": [[0.964007496833801, -0.25198891758918757, -0.08480153977870938], [0.2658753991127014, 0.913658082485199, 0.307472288608551], [7.450581468598193e-09, -0.31895223259925853, 0.9477707743644715]], "fy": 1388.8887889922103, "fx": 1388.8887889922103}, {"id": 67, "img_name": "0068", "width": 1000, "height": 1000, "position": [-0.501725435256958, 0.17477351427078247, -1.402756452560425], "rotation": [[-0.32895770668983465, 0.8831238150596618, 0.33448365330696106], [-0.9443446397781372, -0.30763173103332514, -0.11651568859815598], [7.450579731116422e-09, -0.3541965782642365, 0.9351710677146912]], "fy": 1388.8887889922103, "fx": 1388.8887889922103}, {"id": 68, "img_name": "0069", "width": 1000, "height": 1000, "position": [0.8332715034484863, 0.4267198741436006, 1.1719934940338137], "rotation": [[-0.45581018924713135, 0.6954430341720579, -0.5555143356323242], [0.8900771141052248, 0.35613769292831426, -0.2844799160957337], [1.490116291025791e-08, -0.6241192817687987, -0.7813290357589723]], "fy": 1388.8887889922103, "fx": 1388.8887889922103}, {"id": 69, "img_name": "0070", "width": 1000, "height": 1000, "position": [-0.45551264286041254, -0.5886946320533751, 1.3022851943969724], "rotation": [[0.790886878967285, -0.5312997102737428, 0.3036751449108124], [-0.6119624376296997, -0.6866401433944704, 0.3924631476402282], [-1.4901161189424285e-08, -0.496231645345688, -0.8681902289390563]], "fy": 1388.8887889922103, "fx": 1388.8887889922103}, {"id": 70, "img_name": "0071", "width": 1000, "height": 1000, "position": [-0.08698249608278275, -0.31697750091552734, 1.4635434150695799], "rotation": [[0.9643502831459043, -0.25819778442382807, 0.05798833072185515], [-0.26462948322296137, -0.9409121870994569, 0.21131834387779233], [3.665377314303382e-18, -0.21913033723831177, -0.9756956100463866]], "fy": 1388.8887889922103, "fx": 1388.8887889922103}, {"id": 71, "img_name": "0072", "width": 1000, "height": 1000, "position": [-0.1642248332500458, -0.7752562165260314, -1.27358078956604], "rotation": [[0.9782913923263551, 0.17595314979553228, 0.10948322713375093], [-0.20723439753055575, 0.8306220769882202, 0.516837477684021], [-7.450580590882646e-09, -0.5283063650131226, 0.8490538597106934]], "fy": 1388.8887889922103, "fx": 1388.8887889922103}, {"id": 72, "img_name": "0073", "width": 1000, "height": 1000, "position": [-0.39246430993080134, 1.4314961433410642, 0.21631139516830447], "rotation": [[-0.9644113183021544, -0.03812943771481514, 0.261642873287201], [-0.26440659165382385, 0.1390754282474518, -0.9543308019638064], [-8.062775469748334e-18, -0.9895475506782532, -0.14420759677886966]], "fy": 1388.8887889922103, "fx": 1388.8887889922103}, {"id": 73, "img_name": "0074", "width": 1000, "height": 1000, "position": [-0.4335940480232239, 0.40610378980636597, 1.3773437738418577], "rotation": [[-0.6835910677909853, -0.6701835989952087, 0.2890627086162567], [-0.729865312576294, 0.6276932954788209, -0.27073585987091064], [1.4901161097732942e-08, -0.39604932069778437, -0.9182292222976685]], "fy": 1388.8887889922103, "fx": 1388.8887889922103}, {"id": 74, "img_name": "0075", "width": 1000, "height": 1000, "position": [0.1297639906406403, -1.147598743438721, 0.9571720361709595], "rotation": [[0.9936677217483522, 0.07169751077890398, -0.08650933951139453], [0.11235833168029787, -0.6340740323066711, 0.7650659084320068], [-7.4505797157892e-09, -0.76994127035141, -0.6381147503852844]], "fy": 1388.8887889922103, "fx": 1388.8887889922103}, {"id": 75, "img_name": "0076", "width": 1000, "height": 1000, "position": [1.2150161266326904, 0.8714675903320314, -0.11949941515922546], "rotation": [[-0.582830846309662, -0.06473629921674727, -0.81001079082489], [0.8125934600830079, -0.04643196240067482, -0.5809783935546875], [-5.62057863511698e-18, -0.9968216419219972, 0.07966627925634384]], "fy": 1388.8887889922103, "fx": 1388.8887889922103}, {"id": 76, "img_name": "0077", "width": 1000, "height": 1000, "position": [1.0954107046127317, -0.8476837873458861, 0.575766921043396], "rotation": [[0.6120034456253051, 0.30356550216674816, -0.7302739024162294], [0.7908551692962645, -0.23491422832012174, 0.5651226043701172], [-0.0, -0.9233977198600769, -0.38384467363357544]], "fy": 1388.8887889922103, "fx": 1388.8887889922103}, {"id": 77, "img_name": "0078", "width": 1000, "height": 1000, "position": [-1.2440139055252077, -0.8010989427566527, -0.24631252884864807], "rotation": [[0.5414153337478637, 0.13805902004241946, 0.8293426036834717], [-0.8407554030418396, 0.08890490978956223, 0.5340659618377686], [-7.450581485691816e-09, -0.9864256381988527, 0.1642083525657654]], "fy": 1388.8887889922103, "fx": 1388.8887889922103}, {"id": 78, "img_name": "0079", "width": 1000, "height": 1000, "position": [-0.3656799197196961, 0.37805923819541937, -1.4047596454620361], "rotation": [[-0.7187768220901489, 0.6510975360870361, 0.24378660321235657], [-0.6952409744262694, -0.6731390357017516, -0.2520394623279571], [1.4901162977927305e-08, -0.3506505191326141, 0.9365063905715941]], "fy": 1388.8887889922103, "fx": 1388.8887889922103}, {"id": 79, "img_name": "0080", "width": 1000, "height": 1000, "position": [-0.8129744529724119, 0.6980903148651122, 1.0496392250061035], "rotation": [[-0.6514663100242614, -0.5308918356895448, 0.5419830083847045], [-0.7586775422096251, 0.45586970448493963, -0.46539354324340815], [4.573158289045131e-17, -0.714378595352173, -0.6997594833374023]], "fy": 1388.8887889922103, "fx": 1388.8887889922103}, {"id": 80, "img_name": "0081", "width": 1000, "height": 1000, "position": [-0.3976286351680755, -0.7831188440322875, -1.2159836292266843], "rotation": [[0.8916460275650024, 0.36701083183288574, 0.26508575677871704], [-0.4527333080768585, 0.7228178977966307, 0.5220792293548584], [1.0982313026084913e-17, -0.5855230093002319, 0.8106557726860045]], "fy": 1388.8887889922103, "fx": 1388.8887889922103}, {"id": 81, "img_name": "0082", "width": 1000, "height": 1000, "position": [-0.23569741845130926, 0.44228231906890875, 1.4138009548187256], "rotation": [[-0.8825074434280396, -0.4432723224163056, 0.15713161230087283], [-0.47029852867126465, 0.8317931890487671, -0.29485487937927246], [6.5329342655406145e-18, -0.3341103196144105, -0.9425339698791504]], "fy": 1388.8887889922103, "fx": 1388.8887889922103}, {"id": 82, "img_name": "0083", "width": 1000, "height": 1000, "position": [-1.1452648639678955, -0.6303243637084961, -0.7355674505233765], "rotation": [[0.48217052221298207, 0.42960938811302185, 0.7635099291801454], [-0.8760774731636047, 0.2364459633827209, 0.4202162623405456], [1.4901161210264776e-08, -0.8715097308158875, 0.4903783202171326]], "fy": 1388.8887889922103, "fx": 1388.8887889922103}, {"id": 83, "img_name": "0084", "width": 1000, "height": 1000, "position": [-0.12765344977378845, -0.1850110441446304, 1.483062982559204], "rotation": [[0.8230888247489929, -0.5615001916885376, 0.08510229736566544], [-0.567912757396698, -0.8137950301170348, 0.1233406886458397], [7.450580609364813e-09, -0.14985068142414093, -0.9887086153030394]], "fy": 1388.8887889922103, "fx": 1388.8887889922103}, {"id": 84, "img_name": "0085", "width": 1000, "height": 1000, "position": [-0.3593357503414155, 0.2443562150001526, -1.4356768131256104], "rotation": [[-0.5623224377632141, 0.7914579510688782, 0.23955717682838445], [-0.8269180655479431, -0.5382087826728822, -0.16290414333343503], [0.0, -0.28969889879226685, 0.9571179151535033]], "fy": 1388.8887889922103, "fx": 1388.8887889922103}, {"id": 85, "img_name": "0086", "width": 1000, "height": 1000, "position": [0.0014507914893329141, -0.004996942356228828, -1.4999909400939941], "rotation": [[0.9603428840637206, -0.278820276260376, -0.0009671943262219427], [0.2788219749927521, 0.9603371024131775, 0.0033312949817627664], [5.820766051886802e-11, -0.003470920724794269, 0.9999939799308777]], "fy": 1388.8887889922103, "fx": 1388.8887889922103}, {"id": 86, "img_name": "0087", "width": 1000, "height": 1000, "position": [0.8341235518455505, 0.22888992726802823, 1.2254987955093384], "rotation": [[-0.2646254301071167, 0.7878742218017578, -0.5560823678970337], [0.9643512964248657, 0.21619875729084012, -0.15259328484535215], [7.45058058123157e-09, -0.5766388177871704, -0.8169991970062256]], "fy": 1388.8887889922103, "fx": 1388.8887889922103}, {"id": 87, "img_name": "0088", "width": 1000, "height": 1000, "position": [0.7706245779991149, 0.6620385646820068, 1.1035591363906858], "rotation": [[-0.6516439318656922, 0.5580514669418335, -0.5137497186660767], [0.7585251331329347, 0.47941842675209045, -0.44135904312133795], [2.980232583658507e-08, -0.6773008704185486, -0.7357060909271237]], "fy": 1388.8887889922103, "fx": 1388.8887889922103}, {"id": 88, "img_name": "0089", "width": 1000, "height": 1000, "position": [-0.10791531205177306, -0.012240218929946426, -1.4960629940032961], "rotation": [[0.11270166933536528, 0.9910209178924559, 0.07194354385137557], [-0.9936289191246032, 0.11240585148334502, 0.008160145953297617], [1.719147411116108e-18, -0.07240492850542068, 0.9973753690719607]], "fy": 1388.8887889922103, "fx": 1388.8887889922103}, {"id": 89, "img_name": "0090", "width": 1000, "height": 1000, "position": [0.15665751695632935, -0.3889274597167968, 1.4402061700820923], "rotation": [[0.9275804758071899, 0.3587299585342407, -0.10443835705518721], [0.3736235797405243, -0.8906046748161316, 0.2592850029468536], [1.4901159422809064e-08, -0.2795285880565644, -0.9601375460624695]], "fy": 1388.8887889922103, "fx": 1388.8887889922103}, {"id": 90, "img_name": "0091", "width": 1000, "height": 1000, "position": [1.1519045829772951, 0.8361562490463255, -0.47324261069297785], "rotation": [[-0.5874396562576293, -0.25532001256942755, -0.7679364085197449], [0.8092679381370543, -0.1853343099355697, -0.5574375391006469], [-1.490116118857261e-08, -0.9489271640777588, 0.31549507379531855]], "fy": 1388.8887889922103, "fx": 1388.8887889922103}, {"id": 91, "img_name": "0092", "width": 1000, "height": 1000, "position": [-0.43564644455909735, 1.1134879589080813, 0.9057354927062988], "rotation": [[-0.9312615990638733, -0.22000394761562347, 0.2904309630393982], [-0.36435133218765264, 0.5623177886009216, -0.7423253059387207], [3.239873018633472e-17, -0.7971179485321045, -0.6038236618041992]], "fy": 1388.8887889922103, "fx": 1388.8887889922103}, {"id": 92, "img_name": "0093", "width": 1000, "height": 1000, "position": [-0.3899880051612854, -1.3828496932983398, 0.4308550357818603], "rotation": [[0.9624581336975098, -0.07796470075845717, 0.25999200344085693], [-0.2714301645755768, -0.276453286409378, 0.9218997955322265], [7.450580605990841e-09, -0.9578596353530884, -0.2872366905212402]], "fy": 1388.8887889922103, "fx": 1388.8887889922103}, {"id": 93, "img_name": "0094", "width": 1000, "height": 1000, "position": [0.9301371574401858, 0.963424324989319, -0.6757651567459105], "rotation": [[-0.7194259762763977, -0.312910407781601, -0.6200913786888123], [0.6945691108703614, -0.32410866022109985, -0.6422828435897827], [8.484454477756308e-17, -0.892771303653717, 0.4505100846290588]], "fy": 1388.8887889922103, "fx": 1388.8887889922103}, {"id": 94, "img_name": "0095", "width": 1000, "height": 1000, "position": [0.11414160579442977, -0.8507850170135497, 1.230096220970154], "rotation": [[0.9911202192306519, 0.10904312133789065, -0.07609439641237259], [0.13296902179718015, -0.812782108783722, 0.5671899914741516], [3.7252902909102485e-09, -0.5722715854644774, -0.820064127445221]], "fy": 1388.8887889922103, "fx": 1388.8887889922103}, {"id": 95, "img_name": "0096", "width": 1000, "height": 1000, "position": [0.004259936511516571, 0.6278606653213501, 1.3622674942016602], "rotation": [[-0.9999769926071166, 0.006161706987768412, -0.0028399578295648094], [0.006784688215702772, 0.908157467842102, -0.418573796749115], [-2.328306438063131e-10, -0.41858342289924616, -0.9081783294677734]], "fy": 1388.8887889922103, "fx": 1388.8887889922103}, {"id": 96, "img_name": "0097", "width": 1000, "height": 1000, "position": [-0.15095230937004087, -0.03450550511479377, -1.4919861555099487], "rotation": [[0.22283785045146934, 0.9696472883224487, 0.10063487291336058], [-0.9748556017875668, 0.22164730727672574, 0.02300367131829261], [-1.8626453683300508e-09, -0.10323043912649153, 0.9946574568748474]], "fy": 1388.8887889922103, "fx": 1388.8887889922103}, {"id": 97, "img_name": "0098", "width": 1000, "height": 1000, "position": [0.7531152963638303, -1.2227734327316282, -0.4331772327423095], "rotation": [[0.8514596223831176, -0.15144461393356323, -0.5020768642425536], [0.5244202613830565, 0.24588859081268313, 0.815182328224182], [-3.362903340333496e-17, -0.957394003868103, 0.2887848317623138]], "fy": 1388.8887889922103, "fx": 1388.8887889922103}, {"id": 98, "img_name": "0099", "width": 1000, "height": 1000, "position": [-0.6709104776382444, 0.13855007290840152, 1.3344223499298093], "rotation": [[-0.20224305987358096, -0.8712313175201415, 0.44727367162704457], [-0.9793354272842408, 0.1799184232950211, -0.09236671775579455], [-1.2090764876507205e-17, -0.45671153068542475, -0.8896149396896362]], "fy": 1388.8887889922103, "fx": 1388.8887889922103}, {"id": 99, "img_name": "0100", "width": 1000, "height": 1000, "position": [-0.1722210347652435, -1.3415410518646238, -0.6485426425933838], "rotation": [[0.991860330104828, 0.05505287274718284, 0.11481402814388274], [-0.12733058631420135, 0.4288424253463745, 0.8943607211112975], [3.7252903044485725e-09, -0.9017001986503601, 0.43236178159713